1284 244 160 71 49  
1150 326 152  
890 394 44  
305 276 243 213  
206 198 186 133 117 94 65
257 252 121 103 58  
492 160 137  
234 177 92 90 69 62 56
497 127 49 47  
293 138 77 69  
181 151 115 102  
218 177 91 45  
152 112 90 81 60  
197 167 88  
153 79 62  
158 85 48  
148 112 30  
102 78 56 42  
180 72  
668 489 171  
491 487 209  
817 221  
388 255 171  
570 162  
282 223 154  
425 231  
270 175 72  
345 237 229 208  
367 352 147  
337 277 127 66  
330 252 82  
250 178 153  
483 76  
205 193  
242 72 
